0 0.146875 0.24658203125 0.071875 0.0263671875
0 0.2171875 0.24658203125 0.0671875 0.0244140625
0 0.281640625 0.24658203125 0.06484375 0.0244140625
0 0.348828125 0.24609375 0.06796875 0.025390625
0 0.419140625 0.24609375 0.06796875 0.021484375
0 0.50703125 0.24560546875 0.1078125 0.0263671875
0 0.678125 0.24755859375 0.065625 0.0244140625
0 0.771875 0.24658203125 0.121875 0.0244140625
0 0.093359375 0.59716796875 0.03515625 0.0205078125
0 0.130859375 0.59814453125 0.03984375 0.0205078125
0 0.175390625 0.59814453125 0.04296875 0.0205078125
0 0.224609375 0.59765625 0.03671875 0.01953125
0 0.603125 0.2470703125 0.08125 0.0234375
