0 0.058203125 0.2470703125 0.10390625 0.0234375
0 0.146484375 0.24658203125 0.07109375 0.0224609375
0 0.216015625 0.24658203125 0.06640625 0.0224609375
0 0.282421875 0.24755859375 0.06171875 0.0224609375
0 0.3484375 0.24658203125 0.06875 0.0244140625
0 0.418359375 0.2470703125 0.06796875 0.025390625
0 0.506640625 0.24658203125 0.10859375 0.0244140625
0 0.677734375 0.24658203125 0.06484375 0.0244140625
0 0.77109375 0.2470703125 0.1203125 0.0234375
0 0.225390625 0.2919921875 0.01953125 0.017578125
0 0.258203125 0.29150390625 0.04609375 0.0185546875
0 0.09296875 0.59765625 0.03125 0.017578125
0 0.12578125 0.59716796875 0.021875 0.0205078125
0 0.159375 0.5966796875 0.0453125 0.01953125
0 0.203125 0.59765625 0.0375 0.01953125
