0 0.145703125 0.2470703125 0.06953125 0.0234375
0 0.2171875 0.24609375 0.0671875 0.025390625
0 0.28203125 0.24658203125 0.0625 0.0224609375
0 0.349609375 0.24609375 0.06953125 0.021484375
0 0.418359375 0.24755859375 0.06796875 0.0244140625
0 0.507421875 0.24755859375 0.10546875 0.0244140625
0 0.677734375 0.24658203125 0.06484375 0.0244140625
0 0.771484375 0.24658203125 0.12265625 0.0244140625
0 0.225 0.29296875 0.01875 0.01953125
0 0.2578125 0.29248046875 0.046875 0.0205078125
0 0.093359375 0.59765625 0.03203125 0.01953125
0 0.126171875 0.59814453125 0.01953125 0.0224609375
0 0.16015625 0.59765625 0.04375 0.021484375
0 0.202734375 0.59765625 0.03984375 0.021484375
