0 0.059765625 0.24658203125 0.10390625 0.0205078125
0 0.146875 0.24658203125 0.071875 0.0224609375
0 0.216015625 0.24609375 0.06640625 0.021484375
0 0.282421875 0.2470703125 0.06171875 0.0234375
0 0.34921875 0.24658203125 0.06875 0.0263671875
0 0.41875 0.2470703125 0.065625 0.0234375
0 0.506640625 0.24658203125 0.10703125 0.0244140625
0 0.677734375 0.2470703125 0.06328125 0.0234375
0 0.77109375 0.24560546875 0.1203125 0.0205078125
0 0.22578125 0.2919921875 0.0328125 0.01953125
0 0.264453125 0.29248046875 0.04453125 0.0166015625
0 0.09296875 0.59619140625 0.0296875 0.0185546875
0 0.17578125 0.59814453125 0.0453125 0.0166015625
0 0.224609375 0.59814453125 0.03671875 0.0166015625
0 0.13046875 0.59716796875 0.0390625 0.0205078125
