0 0.057421875 0.2470703125 0.10234375 0.021484375
0 0.146484375 0.24658203125 0.07109375 0.0244140625
0 0.21640625 0.24658203125 0.0671875 0.0224609375
0 0.28203125 0.2470703125 0.0625 0.0234375
0 0.3484375 0.24658203125 0.06875 0.0244140625
0 0.418359375 0.24609375 0.06640625 0.021484375
0 0.507421875 0.24658203125 0.10703125 0.0224609375
0 0.67734375 0.2470703125 0.0640625 0.0234375
0 0.771484375 0.2470703125 0.12109375 0.0234375
0 0.22578125 0.2919921875 0.01875 0.01953125
0 0.258203125 0.2919921875 0.04609375 0.01953125
0 0.092578125 0.59716796875 0.03203125 0.0185546875
0 0.12578125 0.5986328125 0.0171875 0.015625
0 0.16015625 0.59765625 0.0453125 0.01953125
0 0.203125 0.59716796875 0.0359375 0.0205078125
