0 0.168229166667 0.477314814815 0.040625 0.0324074074074
0 0.24453125 0.478240740741 0.0401041666667 0.0305555555556
0 0.321614583333 0.477777777778 0.0432291666667 0.0314814814815
0 0.397395833333 0.477314814815 0.0416666666667 0.0324074074074
0 0.474479166667 0.477777777778 0.040625 0.0296296296296
0 0.16796875 0.525462962963 0.0505208333333 0.0324074074074
0 0.243229166667 0.525462962963 0.0489583333333 0.0287037037037
0 0.320833333333 0.524074074074 0.0479166666667 0.0277777777778
0 0.39765625 0.524537037037 0.0453125 0.0268518518519
0 0.473697916667 0.524074074074 0.0442708333333 0.0296296296296
0 0.16796875 0.571296296296 0.0619791666667 0.0296296296296
0 0.244010416667 0.571759259259 0.0609375 0.025
0 0.321614583333 0.571759259259 0.0630208333333 0.0287037037037
0 0.398177083333 0.572222222222 0.0619791666667 0.0277777777778
0 0.474479166667 0.568981481481 0.0614583333333 0.025
