0 0.15546875 0.427314814815 0.0546875 0.0342592592593
0 0.20859375 0.427314814815 0.0484375 0.0361111111111
0 0.202083333333 0.123611111111 0.0979166666667 0.0583333333333
0 0.0619791666667 0.102314814815 0.096875 0.0490740740741
0 0.0622395833333 0.15787037037 0.0973958333333 0.0472222222222
0 0.0625 0.214814814815 0.0979166666667 0.05
0 0.378645833333 0.13287037037 0.115625 0.0564814814815
0 0.378645833333 0.213425925926 0.114583333333 0.0564814814815
0 0.513020833333 0.151851851852 0.0916666666667 0.0296296296296
0 0.5203125 0.113888888889 0.10625 0.0296296296296
0 0.51875 0.193981481481 0.102083333333 0.0305555555556
0 0.517447916667 0.231944444444 0.0994791666667 0.0305555555556
